0000000820000020 000
0000000288000020 001
0000000011800008 002
436f646520427920 003
5068696c69702053 004
63686c756d702076 005
302e302e32000000 006
0000000000000000 007
0000000000000000 008
0000000000000000 009
0000000000000000 010
0000000000000000 011
0000000000000000 012
0000000000000000 013
0000000000000000 014
0000000000000000 015
0000000000000000 016
0000000000000000 017
0000000000000000 018
0000000000000000 019
0000000000000000 020
0000000000000000 021
0000000000000000 022
0000000000000000 023
0000000000000000 024
0000000000000000 025
0000000000000000 026
0000000000000000 027
0000000000000000 028
0000000000000000 029
0000000000000000 030
0000000000000000 031
0000000000000000 032
0000000000000000 033
0000000000000000 034
0000000000000000 035
0000000000000000 036
0000000000000000 037
0000000000000000 038
0000000000000000 039
0000000000000000 040
0000000000000000 041
0000000000000000 042
0000000000000000 043
0000000000000000 044
0000000000000000 045
0000000000000000 046
0000000000000000 047
0000000000000000 048
0000000000000000 049
0000000000000000 050
0000000000000000 051
0000000000000000 052
0000000000000000 053
0000000000000000 054
0000000000000000 055
0000000000000000 056
0000000000000000 057
0000000000000000 058
0000000000000000 059
0000000000000000 060
0000000000000000 061
0000000000000000 062
0000000000000000 063
0000000000000000 064
0000000000000000 065
0000000000000000 066
0000000000000000 067
0000000000000000 068
0000000000000000 069
0000000000000000 070
0000000000000000 071
0000000000000000 072
0000000000000000 073
0000000000000000 074
0000000000000000 075
0000000000000000 076
0000000000000000 077
0000000000000000 078
0000000000000000 079
0000000000000000 080
0000000000000000 081
0000000000000000 082
0000000000000000 083
0000000000000000 084
0000000000000000 085
0000000000000000 086
0000000000000000 087
0000000000000000 088
0000000000000000 089
0000000000000000 090
0000000000000000 091
0000000000000000 092
0000000000000000 093
0000000000000000 094
0000000000000000 095
0000000000000000 096
0000000000000000 097
0000000000000000 098
0000000000000000 099
0000000000000000 100
0000000000000000 101
0000000000000000 102
0000000000000000 103
0000000000000000 104
0000000000000000 105
0000000000000000 106
0000000000000000 107
0000000000000000 108
0000000000000000 109
0000000000000000 110
0000000000000000 111
0000000000000000 112
0000000000000000 113
0000000000000000 114
0000000000000000 115
0000000000000000 116
0000000000000000 117
0000000000000000 118
0000000000000000 119
0000000000000000 120
0000000000000000 121
0000000000000000 122
0000000000000000 123
0000000000000000 124
0000000000000000 125
0000000000000000 126
0000000000000000 127
0000001000480040 128
0000006000000010 129
0000000200000004 130
0000000000000004 131
0000001000200040 132
0000002000000200 133
0000000000000004 134
0000000000000000 135
0000000042000000 136
0000000080000200 137
0000000000000004 138
0000000000000000 139
0000000000000000 140
0000000000000000 141
0000000000000000 142
0000000000000000 143
0000000022000000 144
0000000040000402 145
0000000000000004 146
0000000000000000 147
0000000000000000 148
0000000000000000 149
0000000000000000 150
0000000000000000 151
0000000062000001 152
0000001080200040 153
0000002000000204 154
0000000000000000 155
0000000000000000 156
0000000000000000 157
0000000000000000 158
0000000000000000 159
0000001000000040 160
0000006000000010 161
0000000200000004 162
0000000000000004 163
0000002040000000 164
0000001080200040 165
0000002000000204 166
0000000000000000 167
0000000100000404 168
0000000000000000 169
0000000000000000 170
0000000000000000 171
0000000000000000 172
0000000000000000 173
0000000000000000 174
0000000000000000 175
0000000000000000 176
0000000000000000 177
0000000000000000 178
0000000000000000 179
0000000000000000 180
0000000000000000 181
0000000000000000 182
0000000000000000 183
0000000000058008 184
0000000000000000 185
0000000000000000 186
0000000000000000 187
0000000000000000 188
0000000000000000 189
0000000000000000 190
0000000000000000 191
0000001000600040 192
0000006000000010 193
0000000200000004 194
0000000000000004 195
0000000000000000 196
0000000000000000 197
0000000000000000 198
0000000000000000 199
0000000000000000 200
0000000000000000 201
0000000000000000 202
0000000000000000 203
0000000000000000 204
0000000000000000 205
0000000000000000 206
0000000000000000 207
0000000000000084 208
0000000000000000 209
0000000000000000 210
0000000000000000 211
0000000000000000 212
0000000000000000 213
0000000000000000 214
0000000000000000 215
0000000062000001 216
00000000a0000000 217
0000000000000001 218
0000001080200040 219
0000002000000204 220
0000000000000000 221
0000000000000000 222
0000000000000000 223
0000000062000001 224
00000000a0000000 225
0000000040000001 226
0000000480000004 227
0000000000000000 228
0000000000000000 229
0000000000000000 230
0000000000000000 231
0000000062000001 232
00000000a0000000 233
0000000040000001 234
0000000080000204 235
0000000000000000 236
0000000000000000 237
0000000000000000 238
0000000000000000 239
0000000062000001 240
00000000a0000000 241
0000000080000006 242
0000000000000000 243
0000000000000000 244
0000000000000000 245
0000000000000000 246
0000000000000000 247
0000000000058008 248
0000000000000000 249
0000000000000000 250
0000000000000000 251
0000000000000000 252
0000000000000000 253
0000000000000000 254
0000000000000000 255
##1
McJmp_0 11
McJmp_1 12
McJmp_2 13
McJmp_3 14
McJmp_4 15
McJmp_5 16
McJmp_6 17
McJmp_7 18
Microcode_PC_Ld2 4
decoder_Ctl_0 38
hand_Out 25
id_ALU_Ctl_0 19
id_ALU_Ctl_1 20
id_ALU_Ctl_2 21
id_ALU_Ctl_3 22
id_Microcode_PC_Clr 2
id_Microcode_PC_Inc 5
id_Microcode_PC_Ld 3
id_ac_Clr 7
id_ac_Inc 8
id_ac_Ld 9
id_ac_Out 10
id_ac_Out_to_ALU 6
id_decoder_Ctl_0 23
id_decoder_Ctl_1 24
id_input_Out 26
id_ir_Ld 27
id_ir_Out 28
id_mar_Ld 29
id_mdr_Ld 30
id_mdr_Out 31
id_memory_Read 0
id_memory_Write 1
id_output_Ld 32
id_pc_Inc 33
id_pc_Ld 34
id_pc_Out 35
id_result_Ld 36
id_result_Out 37
